0: [0.71,0.269716024,0,0.010141988,0,0.010141988,0]
5: [0.71,0.278956502,0,0.011043498,0,0,0]
10: [0.79,0.21,0,0,0,0,0]
15: [0.79,0.205791044,0,0.002104478,0,0.002104478,0]
20: [0.73,0.255836189,0,0.014163811,0,0,0]
25: [0.73,0.263128448,0,0.006871552,0,0,0]
30: [0.67,0.31064292,0,0.017974432,0,0.001382649,0]
35: [,0.67,0.309407444,0,0.019008513,0,0.001584043,0]
40: [,0.6,0.355022407,0,0.03418297,0,0.010794622,0]
45: [0.6,0.345350688,0,0.045280858,0,0.009368453,0]
50: [0.51,0.425408717,0,0.056992308,0,0.007598974,0]
55: [0.51,0.371044387,0,0.109625761,0,0.009329852,0]
60: [0.37,0.450067141,0,0.143946287,0,0.02998881,0.005997762]
65: [0.37,0.375572645,0.01375283,0.185663205,0,0.03143504,0.02357628]
70: [0.31,0.183250315,0,0.366073044,0.03137769,0.054649476,0.054649476]
75: [0.31,0.120160996,0.042737925,0.390668471,0.050956757,0.085475851,0]
80: [0.31,0.00682635,0.118241593,0.355819609,0.156560628,0.017517273,0.035034546]
85: [0.31,0.080507251,0.14627826,0.288154627,0.162870007,0,0.012189855]
90: [0.31,0.060234992,0.218489901,0.231342248,0.179932859,0,0]



