0: [0.855,0.134858012,0,0.005070994,0,0.005070994,0]
5: [0.855,0.139478251,0,0.005521749,0,0,0]
10: [0.895,0.105,0,0,0,0,0]
15: [,0.895,0.102895522,0,0.001052239,0,0.001052239,0]
20: [0.865,0.127918095,0,0.007081906,0,0,0]
25: [0.865,0.131564224,0,0.003435776,0,0,0]
30: [0.835,0.15532146,0,0.008987216,0,0.000691325,0]
35: [0.835,0.154703722,0,0.009504257,0,0.000792022,0]
40: [0.8,0.177511204,0,0.017091485,0,0.005397311,0]
45: [0.8,0.172675344,0,0.022640429,0,0.004684227,0]
50: [0.755,0.212704359,0,0.028496154,0,0.003799487,0]
55: [0.755,0.185522194,0,0.054812881,0,0.004664926,0]
60: [0.685,0.225033571,0,0.071973144,0,0.014994405,0.002998881]
65: [0.685,0.187786323,0.006876415,0.092831603,0,0.01571752,0.01178814]
70: [0.655,0.091625158,0,0.183036522,0.015688845,0.027324738,0.027324738]
75: [0.655,0.060080498,0.021368963,0.195334236,0.025478379,0.042737926,0]
80: [0.655,0.003413175,0.059120797,0.177909805,0.078280314,0.008758637,0.017517273]
85: [0.655,0.040253626,0.07313913,0.144077314,0.081435004,0,0.006094928]
90: [0.655,0.030117496,0.109244951,0.115671124,0.08996643,0,0]


